28 41
0 Amsterdam 4.51 52.2
1 Athens 23.42 37.58
2 Barcelona 2.07 41.22
3 Belgrade 20.25 44.47
4 Berlin 13.21 52.31
5 Bordeaux -0.35 44.51
6 Brussels 4.2 50.49
7 Budapest 19.02 47.29
8 Copenhagen 12.32 55.41
9 Dublin -6.15 53.21
10 Frankfurt 8.38 50.07
11 Glasgow -4.16 55.51
12 Hamburg 10.0 53.33
13 London -0.07 51.3
14 Lyon 4.49 45.43
15 Madrid -3.42 40.25
16 Milan 9.11 45.28
17 Munich 11.33 48.07
18 Oslo 10.45 59.54
19 Paris 2.2 48.51
20 Prague 14.25 50.04
21 Rome 12.29 41.53
22 Stockholm 18.03 59.19
23 Strasbourg 7.45 48.35
24 Vienna 16.21 48.12
25 Warsaw 20.59 52.14
26 Zagreb 15.57 45.48
27 Zurich 8.32 47.22
0 L1 0 6
1 L2 0 11
2 L3 0 12
3 L4 0 13
4 L5 1 3
5 L6 1 21
6 L7 2 14
7 L8 2 15
8 L9 3 7
9 L10 3 26
10 L11 4 8
11 L12 4 12
12 L13 4 17
13 L14 4 20
14 L15 4 25
15 L16 5 15
16 L17 5 19
17 L18 6 10
18 L19 6 19
19 L20 7 20
20 L21 7 25
21 L22 8 18
22 L23 9 11
23 L24 9 13
24 L25 10 12
25 L26 10 17
26 L27 10 23
27 L28 13 19
28 L29 14 19
29 L30 16 17
30 L31 16 21
31 L32 16 27
32 L33 17 24
33 L34 18 22
34 L35 19 23
35 L36 20 24
36 L37 21 26
37 L38 22 25
38 L39 27 14
39 L40 23 27
40 L41 24 26
